0.0 0.0 0.0053979797979797975
0.0 0.05 0.0053737373737373735
0.0 0.1 0.004929292929292929
0.0 0.15 0.005519191919191919
0.0 0.2 0.00482020202020202
0.0 0.25 0.005002020202020202
0.0 0.3 0.005272727272727273
0.0 0.35 0.005418181818181818
0.0 0.4 0.005474747474747475
0.0 0.45 0.005474747474747475
0.0 0.5 0.005042424242424242
0.0 0.55 0.005575757575757576
0.0 0.6 0.0052
0.0 0.65 0.0055878787878787875
0.0 0.7 0.005414141414141414
0.0 0.75 0.005022222222222222
0.0 0.8 0.005551515151515152
0.0 0.85 0.005147474747474747
0.0 0.9 0.004977777777777778
0.0 0.95 0.0048969696969696965
0.0 1.0 0.005171717171717172
0.05 0.0 0.006076767676767677
0.05 0.05 0.00557979797979798
0.05 0.1 0.007406060606060606
0.05 0.15 0.006076767676767677
0.05 0.2 0.006404040404040404
0.05 0.25 0.006961616161616162
0.05 0.3 0.00612929292929293
0.05 0.35 0.005947474747474747
0.05 0.4 0.006872727272727273
0.05 0.45 0.006472727272727273
0.05 0.5 0.007547474747474747
0.05 0.55 0.006787878787878787
0.05 0.6 0.0067797979797979795
0.05 0.65 0.00650909090909091
0.05 0.7 0.007034343434343434
0.05 0.75 0.006795959595959596
0.05 0.8 0.006068686868686868
0.05 0.85 0.007555555555555556
0.05 0.9 0.007115151515151515
0.05 0.95 0.006448484848484848
0.05 1.0 0.006791919191919192
0.1 0.0 0.006436363636363636
0.1 0.05 0.006452525252525252
0.1 0.1 0.006981818181818181
0.1 0.15 0.007151515151515152
0.1 0.2 0.007531313131313131
0.1 0.25 0.00738989898989899
0.1 0.3 0.007244444444444444
0.1 0.35 0.008848484848484849
0.1 0.4 0.008056565656565656
0.1 0.45 0.008335353535353534
0.1 0.5 0.00884040404040404
0.1 0.55 0.008242424242424242
0.1 0.6 0.009248484848484848
0.1 0.65 0.009296969696969698
0.1 0.7 0.009268686868686869
0.1 0.75 0.010416161616161617
0.1 0.8 0.009709090909090909
0.1 0.85 0.010836363636363635
0.1 0.9 0.009595959595959595
0.1 0.95 0.009103030303030304
0.1 1.0 0.009490909090909092
0.15 0.0 0.006573737373737374
0.15 0.05 0.007058585858585859
0.15 0.1 0.008698989898989899
0.15 0.15 0.009446464646464646
0.15 0.2 0.00846060606060606
0.15 0.25 0.01071919191919192
0.15 0.3 0.010727272727272726
0.15 0.35 0.009975757575757575
0.15 0.4 0.012557575757575757
0.15 0.45 0.011232323232323232
0.15 0.5 0.01168080808080808
0.15 0.55 0.011507070707070707
0.15 0.6 0.012125252525252525
0.15 0.65 0.013155555555555554
0.15 0.7 0.013414141414141415
0.15 0.75 0.012428282828282828
0.15 0.8 0.013806060606060606
0.15 0.85 0.01486060606060606
0.15 0.9 0.014375757575757575
0.15 0.95 0.014937373737373739
0.15 1.0 0.014412121212121213
0.2 0.0 0.008137373737373737
0.2 0.05 0.008735353535353535
0.2 0.1 0.009761616161616162
0.2 0.15 0.009406060606060607
0.2 0.2 0.01105858585858586
0.2 0.25 0.012076767676767675
0.2 0.3 0.014856565656565655
0.2 0.35 0.013894949494949495
0.2 0.4 0.017066666666666664
0.2 0.45 0.017462626262626263
0.2 0.5 0.017575757575757574
0.2 0.55 0.020614141414141415
0.2 0.6 0.02233939393939394
0.2 0.65 0.017620202020202022
0.2 0.7 0.02652121212121212
0.2 0.75 0.02194747474747475
0.2 0.8 0.028593939393939394
0.2 0.85 0.02332929292929293
0.2 0.9 0.02446868686868687
0.2 0.95 0.023943434343434343
0.2 1.0 0.023256565656565656
0.25 0.0 0.00875151515151515
0.25 0.05 0.00888080808080808
0.25 0.1 0.010379797979797978
0.25 0.15 0.013135353535353536
0.25 0.2 0.01578181818181818
0.25 0.25 0.016666666666666666
0.25 0.3 0.018298989898989898
0.25 0.35 0.02445252525252525
0.25 0.4 0.02212929292929293
0.25 0.45 0.03407676767676768
0.25 0.5 0.039313131313131314
0.25 0.55 0.03278383838383838
0.25 0.6 0.0441010101010101
0.25 0.65 0.054327272727272724
0.25 0.7 0.05554747474747475
0.25 0.75 0.046464646464646465
0.25 0.8 0.0514060606060606
0.25 0.85 0.04615353535353535
0.25 0.9 0.06137777777777778
0.25 0.95 0.06553131313131313
0.25 1.0 0.06652929292929294
0.3 0.0 0.008727272727272726
0.3 0.05 0.009894949494949495
0.3 0.1 0.0114989898989899
0.3 0.15 0.016343434343434344
0.3 0.2 0.01928888888888889
0.3 0.25 0.02585050505050505
0.3 0.3 0.029260606060606063
0.3 0.35 0.044092929292929295
0.3 0.4 0.05985454545454545
0.3 0.45 0.06577777777777778
0.3 0.5 0.07475555555555556
0.3 0.55 0.0859959595959596
0.3 0.6 0.09941414141414141
0.3 0.65 0.11424242424242424
0.3 0.7 0.11569292929292928
0.3 0.75 0.12370909090909091
0.3 0.8 0.14725656565656567
0.3 0.85 0.14343030303030302
0.3 0.9 0.14184646464646464
0.3 0.95 0.15251313131313132
0.3 1.0 0.1481171717171717
0.35 0.0 0.008977777777777777
0.35 0.05 0.010088888888888889
0.35 0.1 0.013494949494949495
0.35 0.15 0.020432323232323232
0.35 0.2 0.04122020202020202
0.35 0.25 0.0441010101010101
0.35 0.3 0.07703434343434343
0.35 0.35 0.10148686868686868
0.35 0.4 0.11384646464646464
0.35 0.45 0.11133737373737373
0.35 0.5 0.15111515151515154
0.35 0.55 0.1700929292929293
0.35 0.6 0.1751959595959596
0.35 0.65 0.18043636363636362
0.35 0.7 0.18146262626262627
0.35 0.75 0.18885252525252524
0.35 0.8 0.2041818181818182
0.35 0.85 0.20965252525252526
0.35 0.9 0.21496161616161616
0.35 0.95 0.22650101010101012
0.35 1.0 0.2344121212121212
0.4 0.0 0.008501010101010101
0.4 0.05 0.010371717171717173
0.4 0.1 0.022905050505050505
0.4 0.15 0.04395555555555555
0.4 0.2 0.05817777777777778
0.4 0.25 0.09285656565656566
0.4 0.3 0.12232323232323233
0.4 0.35 0.14105050505050507
0.4 0.4 0.16252121212121212
0.4 0.45 0.1826141414141414
0.4 0.5 0.18892525252525252
0.4 0.55 0.2119030303030303
0.4 0.6 0.21963232323232323
0.4 0.65 0.22572929292929295
0.4 0.7 0.2420808080808081
0.4 0.75 0.24683232323232324
0.4 0.8 0.25445252525252526
0.4 0.85 0.264189898989899
0.4 0.9 0.2696444444444444
0.4 0.95 0.27080404040404044
0.4 1.0 0.2877858585858586
0.45 0.0 0.009357575757575757
0.45 0.05 0.010698989898989899
0.45 0.1 0.018965656565656564
0.45 0.15 0.049943434343434345
0.45 0.2 0.09653333333333333
0.45 0.25 0.13413333333333333
0.45 0.3 0.15242424242424243
0.45 0.35 0.17916767676767675
0.45 0.4 0.19814141414141415
0.45 0.45 0.21365656565656563
0.45 0.5 0.22564848484848485
0.45 0.55 0.2413656565656566
0.45 0.6 0.2571959595959596
0.45 0.65 0.26420202020202016
0.45 0.7 0.2763191919191919
0.45 0.75 0.27625858585858587
0.45 0.8 0.2938060606060606
0.45 0.85 0.2975030303030303
0.45 0.9 0.30690505050505046
0.45 0.95 0.3075919191919192
0.45 1.0 0.314440404040404
0.5 0.0 0.00930909090909091
0.5 0.05 0.011054545454545454
0.5 0.1 0.01634747474747475
0.5 0.15 0.06988282828282828
0.5 0.2 0.10685656565656566
0.5 0.25 0.14925252525252525
0.5 0.3 0.1790060606060606
0.5 0.35 0.20005252525252523
0.5 0.4 0.22451717171717173
0.5 0.45 0.2389818181818182
0.5 0.5 0.25694545454545453
0.5 0.55 0.27216565656565656
0.5 0.6 0.28671919191919193
0.5 0.65 0.288210101010101
0.5 0.7 0.3022262626262626
0.5 0.75 0.31091717171717176
0.5 0.8 0.32343838383838386
0.5 0.85 0.3270262626262626
0.5 0.9 0.328759595959596
0.5 0.95 0.3413292929292929
0.5 1.0 0.34663030303030307
0.55 0.0 0.009951515151515152
0.55 0.05 0.01103030303030303
0.55 0.1 0.04454545454545454
0.55 0.15 0.0942989898989899
0.55 0.2 0.13437575757575757
0.55 0.25 0.17493333333333333
0.55 0.3 0.19555555555555557
0.55 0.35 0.220189898989899
0.55 0.4 0.241810101010101
0.55 0.45 0.2612848484848485
0.55 0.5 0.2767313131313131
0.55 0.55 0.29322828282828284
0.55 0.6 0.3032242424242424
0.55 0.65 0.3142060606060606
0.55 0.7 0.3252
0.55 0.75 0.33316363636363633
0.55 0.8 0.3428323232323232
0.55 0.85 0.3494383838383838
0.55 0.9 0.36377373737373736
0.55 0.95 0.3650424242424242
0.55 1.0 0.36764848484848484
0.6 0.0 0.009991919191919192
0.6 0.05 0.013305050505050505
0.6 0.1 0.05951111111111111
0.6 0.15 0.10211313131313132
0.6 0.2 0.1444969696969697
0.6 0.25 0.1804040404040404
0.6 0.3 0.2119313131313131
0.6 0.35 0.23580202020202018
0.6 0.4 0.25714343434343434
0.6 0.45 0.2816969696969697
0.6 0.5 0.29349898989898987
0.6 0.55 0.3036808080808081
0.6 0.6 0.323830303030303
0.6 0.65 0.33175353535353536
0.6 0.7 0.3428242424242424
0.6 0.75 0.35657777777777777
0.6 0.8 0.36122020202020205
0.6 0.85 0.3645050505050505
0.6 0.9 0.37492929292929295
0.6 0.95 0.380589898989899
0.6 1.0 0.38283636363636364
0.65 0.0 0.009494949494949495
0.65 0.05 0.012048484848484848
0.65 0.1 0.06281616161616162
0.65 0.15 0.11595959595959596
0.65 0.2 0.15155151515151516
0.65 0.25 0.18948686868686868
0.65 0.3 0.2148808080808081
0.65 0.35 0.25453333333333333
0.65 0.4 0.2789939393939394
0.65 0.45 0.294189898989899
0.65 0.5 0.30705454545454547
0.65 0.55 0.3242909090909091
0.65 0.6 0.3399191919191919
0.65 0.65 0.35014545454545454
0.65 0.7 0.35997171717171716
0.65 0.75 0.3669979797979798
0.65 0.8 0.37794747474747475
0.65 0.85 0.38352727272727277
0.65 0.9 0.3959151515151515
0.65 0.95 0.402149494949495
0.65 1.0 0.4045252525252525
0.7 0.0 0.01014949494949495
0.7 0.05 0.013458585858585857
0.7 0.1 0.07187474747474747
0.7 0.15 0.12509494949494948
0.7 0.2 0.16524040404040405
0.7 0.25 0.2017010101010101
0.7 0.3 0.2339757575757576
0.7 0.35 0.2606181818181818
0.7 0.4 0.28324848484848486
0.7 0.45 0.3018020202020202
0.7 0.5 0.3211030303030303
0.7 0.55 0.340969696969697
0.7 0.6 0.3527757575757576
0.7 0.65 0.3652040404040404
0.7 0.7 0.3742060606060606
0.7 0.75 0.38128888888888884
0.7 0.8 0.39376969696969694
0.7 0.85 0.3993939393939394
0.7 0.9 0.40664646464646464
0.7 0.95 0.41085656565656564
0.7 1.0 0.4210060606060606
0.75 0.0 0.009882828282828283
0.75 0.05 0.030226262626262625
0.75 0.1 0.07656161616161616
0.75 0.15 0.12778181818181816
0.75 0.2 0.1699919191919192
0.75 0.25 0.2003919191919192
0.75 0.3 0.2390989898989899
0.75 0.35 0.27274747474747474
0.75 0.4 0.29298585858585857
0.75 0.45 0.3127757575757576
0.75 0.5 0.33334949494949495
0.75 0.55 0.3492767676767677
0.75 0.6 0.36200404040404044
0.75 0.65 0.3709090909090909
0.75 0.7 0.3844767676767677
0.75 0.75 0.3983191919191919
0.75 0.8 0.40513939393939397
0.75 0.85 0.4125212121212121
0.75 0.9 0.42084040404040407
0.75 0.95 0.42905858585858586
0.75 1.0 0.43153131313131315
0.8 0.0 0.010101010101010102
0.8 0.05 0.013660606060606059
0.8 0.1 0.0862060606060606
0.8 0.15 0.13385050505050505
0.8 0.2 0.17704242424242425
0.8 0.25 0.21934141414141414
0.8 0.3 0.25313939393939394
0.8 0.35 0.2784565656565656
0.8 0.4 0.3040969696969697
0.8 0.45 0.32235555555555556
0.8 0.5 0.3409212121212121
0.8 0.55 0.3604848484848485
0.8 0.6 0.37326464646464647
0.8 0.65 0.3839717171717172
0.8 0.7 0.3969010101010101
0.8 0.75 0.40894141414141416
0.8 0.8 0.41628282828282825
0.8 0.85 0.4240363636363636
0.8 0.9 0.43136565656565656
0.8 0.95 0.43705858585858587
0.8 1.0 0.44572121212121213
0.85 0.0 0.010606060606060607
0.85 0.05 0.01282828282828283
0.85 0.1 0.08456565656565657
0.85 0.15 0.13798383838383838
0.85 0.2 0.1820969696969697
0.85 0.25 0.22415757575757575
0.85 0.3 0.2563474747474747
0.85 0.35 0.2837777777777778
0.85 0.4 0.30919191919191924
0.85 0.45 0.33305050505050504
0.85 0.5 0.3476848484848485
0.85 0.55 0.370779797979798
0.85 0.6 0.38171717171717173
0.85 0.65 0.3923151515151515
0.85 0.7 0.4078787878787879
0.85 0.75 0.4163232323232323
0.85 0.8 0.427179797979798
0.85 0.85 0.4341939393939394
0.85 0.9 0.440169696969697
0.85 0.95 0.4496121212121212
0.85 1.0 0.4581373737373738
0.9 0.0 0.009616161616161616
0.9 0.05 0.013026262626262627
0.9 0.1 0.08499797979797981
0.9 0.15 0.14516767676767678
0.9 0.2 0.18757979797979799
0.9 0.25 0.23056565656565658
0.9 0.3 0.2654222222222222
0.9 0.35 0.2940161616161616
0.9 0.4 0.3168848484848485
0.9 0.45 0.33635959595959597
0.9 0.5 0.3581131313131313
0.9 0.55 0.37557171717171717
0.9 0.6 0.38665858585858587
0.9 0.65 0.40422626262626266
0.9 0.7 0.412969696969697
0.9 0.75 0.42680808080808086
0.9 0.8 0.4351515151515152
0.9 0.85 0.44431111111111116
0.9 0.9 0.45417777777777774
0.9 0.95 0.46028686868686874
0.9 1.0 0.4654060606060606
0.95 0.0 0.009991919191919192
0.95 0.05 0.013858585858585857
0.95 0.1 0.09581414141414141
0.95 0.15 0.14774545454545454
0.95 0.2 0.1908040404040404
0.95 0.25 0.2330909090909091
0.95 0.3 0.2689131313131313
0.95 0.35 0.3005333333333334
0.95 0.4 0.32707070707070707
0.95 0.45 0.3454787878787879
0.95 0.5 0.3623151515151515
0.95 0.55 0.38472323232323236
0.95 0.6 0.39524444444444445
0.95 0.65 0.4109818181818182
0.95 0.7 0.4201979797979798
0.95 0.75 0.4280929292929293
0.95 0.8 0.4390787878787879
0.95 0.85 0.45416161616161616
0.95 0.9 0.46044040404040404
0.95 0.95 0.4673131313131313
0.95 1.0 0.4731151515151515
1.0 0.0 0.01056969696969697
1.0 0.05 0.014193939393939394
1.0 0.1 0.09396767676767677
1.0 0.15 0.15338181818181817
1.0 0.2 0.2000888888888889
1.0 0.25 0.23773737373737372
1.0 0.3 0.27229494949494953
1.0 0.35 0.2976040404040404
1.0 0.4 0.3291919191919192
1.0 0.45 0.35153535353535353
1.0 0.5 0.3695838383838384
1.0 0.55 0.38778989898989896
1.0 0.6 0.4014181818181818
1.0 0.65 0.41854949494949495
1.0 0.7 0.4290666666666667
1.0 0.75 0.441030303030303
1.0 0.8 0.4495070707070707
1.0 0.85 0.45976161616161615
1.0 0.9 0.4691030303030303
1.0 0.95 0.4727878787878788
1.0 1.0 0.48450505050505055
0.25 0.65 0.04811717171717172
