0.0 0.2565077077077077
0.01 0.2512972972972973
0.02 0.24462782782782783
0.03 0.23905105105105104
0.04 0.22982902902902902
0.05 0.22814014014014014
0.06 0.22124364364364366
0.07 0.21242402402402405
0.08 0.20464664664664664
0.09 0.19970130130130131
0.1 0.19372692692692692
0.11 0.180808008008008
0.12 0.17716916916916917
0.13 0.16686446446446446
0.14 0.15852932932932934
0.15 0.15487167167167168
0.16 0.15261541541541543
0.17 0.14000120120120121
0.18 0.13362202202202203
0.19 0.12064064064064065
0.2 0.11377937937937939
0.21 0.10954874874874874
0.22 0.09884444444444444
0.23 0.10243243243243244
0.24 0.09180060060060061
0.25 0.07863143143143143
0.26 0.06844484484484484
0.27 0.06103303303303303
0.28 0.05994674674674675
0.29 0.05172892892892893
0.3 0.04515275275275275
0.31 0.005586386386386386
0.32 0.004767567567567568
0.33 0.006356756756756756
0.34 0.005557157157157157
0.35 0.003931931931931932
0.36 0.0029145145145145148
0.37 0.0036368368368368364
0.38 0.0037541541541541543
0.39 0.0039043043043043043
0.4 0.003914714714714714
0.41 0.004755555555555555
0.42 0.003744144144144144
0.43 0.0044028028028028025
0.44 0.0035411411411411416
0.45 0.0038142142142142143
0.46 0.0041769769769769765
0.47 0.003385785785785786
0.48 0.003507907907907908
0.49 0.003923123123123123
0.5 0.004326726726726727
0.51 0.004627027027027027
0.52 0.004148548548548549
0.53 0.004865265265265265
0.54 0.004653053053053053
0.55 0.0035439439439439438
0.56 0.0040616616616616615
0.57 0.0040044044044044045
0.58 0.0028964964964964964
0.59 0.005555955955955956
0.6 0.004245045045045045
0.61 0.005427027027027027
0.62 0.003145945945945946
0.63 0.0034854854854854856
0.64 0.004488088088088088
0.65 0.004807607607607608
0.66 0.004007207207207208
0.67 0.005766566566566566
0.68 0.0032008008008008004
0.69 0.005314114114114114
0.7 0.009385385385385385
0.71 0.0034926926926926926
0.72 0.0038350350350350353
0.73 0.0033285285285285285
0.74 0.0038026026026026023
0.75 0.00381021021021021
0.76 0.0042186186186186185
0.77 0.004765565565565566
0.78 0.0058006006006006
0.79 0.006092892892892892
0.8 0.0053281281281281285
0.81 0.004912912912912913
0.82 0.004302702702702703
0.83 0.0042418418418418416
0.84 0.0057205205205205206
0.85 0.004812812812812812
0.86 0.0037837837837837837
0.87 0.0031891891891891893
0.88 0.003322122122122122
0.89 0.00513953953953954
0.9 0.004194194194194194
0.91 0.0036656656656656656
0.92 0.003907907907907908
0.93 0.0045993993993993995
0.94 0.00539019019019019
0.95 0.0037673673673673676
0.96 0.0037345345345345345
0.97 0.0055991991991992
0.98 0.004154554554554555
0.99 0.0046614614614614615
1.0 0.0039059059059059057
