0.0 0.0 0.0169539739812161
0.0 0.05 0.016598156238437845
0.0 0.1 0.015355970066958744
0.0 0.15 0.016929128031668593
0.0 0.2 0.013750219262309866
0.0 0.25 0.014734526986011529
0.0 0.3 0.016492877350177626
0.0 0.35 0.018019734535437013
0.0 0.4 0.017275677703470785
0.0 0.45 0.017103205506756165
0.0 0.5 0.014700444296036582
0.0 0.55 0.0168177792618564
0.0 0.6 0.015690154065911642
0.0 0.65 0.01808439584086967
0.0 0.7 0.016996087185496427
0.0 0.75 0.014071235361471054
0.0 0.8 0.017269362124458544
0.0 0.85 0.014579136534202343
0.0 0.9 0.014156287907129658
0.0 0.95 0.014602027622413296
0.0 1.0 0.014562208144087544
0.05 0.0 0.019275231243152884
0.05 0.05 0.016294449442903685
0.05 0.1 0.023175379135709714
0.05 0.15 0.017581689767793226
0.05 0.2 0.018737475355534737
0.05 0.25 0.020120715779362853
0.05 0.3 0.018047205655164024
0.05 0.35 0.017489859929774223
0.05 0.4 0.019822088655146505
0.05 0.45 0.01931234475146321
0.05 0.5 0.02146610725147609
0.05 0.55 0.018070682954429512
0.05 0.6 0.01992224252524222
0.05 0.65 0.018514667334502046
0.05 0.7 0.024385430882645453
0.05 0.75 0.022793469641832053
0.05 0.8 0.017482219398350405
0.05 0.85 0.0243509755240395
0.05 0.9 0.020897155206797077
0.05 0.95 0.018036222648894824
0.05 1.0 0.020519863670889076
0.1 0.0 0.021440186993906
0.1 0.05 0.019795910332794323
0.1 0.1 0.021791921047017465
0.1 0.15 0.02055384329984881
0.1 0.2 0.022954558955538447
0.1 0.25 0.02166655185669572
0.1 0.3 0.02118876758607398
0.1 0.35 0.027053424975188062
0.1 0.4 0.023950862981410883
0.1 0.45 0.022846461142390133
0.1 0.5 0.024307355979960817
0.1 0.55 0.026319421951377875
0.1 0.6 0.027492400589921247
0.1 0.65 0.027799946202150056
0.1 0.7 0.02682102156139499
0.1 0.75 0.030102799240234197
0.1 0.8 0.027177456845776403
0.1 0.85 0.028165541549563584
0.1 0.9 0.02678522558510315
0.1 0.95 0.02814391110369072
0.1 1.0 0.027722462457448683
0.15 0.0 0.020220153993768933
0.15 0.05 0.021665406642694673
0.15 0.1 0.02338033616441942
0.15 0.15 0.02596834666427565
0.15 0.2 0.02429918282921038
0.15 0.25 0.028946024266746643
0.15 0.3 0.029754626151320365
0.15 0.35 0.025344827522237993
0.15 0.4 0.03361116769160847
0.15 0.45 0.029115451628827817
0.15 0.5 0.03210635484525903
0.15 0.55 0.03166646899563949
0.15 0.6 0.030056822484615567
0.15 0.65 0.03476974911857066
0.15 0.7 0.033211004030716314
0.15 0.75 0.034292439753107036
0.15 0.8 0.03765390173544444
0.15 0.85 0.03669212232518018
0.15 0.9 0.04034941889046572
0.15 0.95 0.03708512695571159
0.15 1.0 0.035023891810668666
0.2 0.0 0.029743672002135423
0.2 0.05 0.029310944358388498
0.2 0.1 0.02706931286129327
0.2 0.15 0.028806314754524123
0.2 0.2 0.031132767116115758
0.2 0.25 0.034305697522104016
0.2 0.3 0.034001102752862784
0.2 0.35 0.03642310669185478
0.2 0.4 0.037526211611060095
0.2 0.45 0.03924988565380363
0.2 0.5 0.041772783853224624
0.2 0.55 0.045935583155295424
0.2 0.6 0.047659901123262
0.2 0.65 0.04326051413018049
0.2 0.7 0.053201628776284426
0.2 0.75 0.05169461454665005
0.2 0.8 0.054005620947769714
0.2 0.85 0.05759949623775765
0.2 0.9 0.05193298972790863
0.2 0.95 0.04862132517914581
0.2 1.0 0.04930019468225774
0.25 0.0 0.03240006307334131
0.25 0.05 0.028456033449483095
0.25 0.1 0.02902057942963973
0.25 0.15 0.031048562968734376
0.25 0.2 0.03908134049401267
0.25 0.25 0.0347620038771554
0.25 0.3 0.038982580833330754
0.25 0.35 0.04510802134187503
0.25 0.4 0.04693805352783008
0.25 0.45 0.05373710248078171
0.25 0.5 0.04819157558649448
0.25 0.55 0.049920776997605894
0.25 0.6 0.06323594273517752
0.25 0.65 0.05538303141608927
0.25 0.7 0.08144610929208419
0.25 0.75 0.04961956592761612
0.25 0.8 0.07088177644210704
0.25 0.85 0.06327523371661725
0.25 0.9 0.052503150472174014
0.25 0.95 0.06425736479167762
0.25 1.0 0.0709629489466649
0.3 0.0 0.032678817560360264
0.3 0.05 0.034761153829901914
0.3 0.1 0.03709779356672531
0.3 0.15 0.04253296684836324
0.3 0.2 0.04311695178496525
0.3 0.25 0.04740500649799701
0.3 0.3 0.05535903386481898
0.3 0.35 0.05520823004043084
0.3 0.4 0.05898258990270011
0.3 0.45 0.05347521454726841
0.3 0.5 0.045734997562606995
0.3 0.55 0.03487664482803754
0.3 0.6 0.0265046679425621
0.3 0.65 0.035981456437654734
0.3 0.7 0.030059122806475172
0.3 0.75 0.02624759254621523
0.3 0.8 0.017285992049873276
0.3 0.85 0.023753991707710777
0.3 0.9 0.01931955572457565
0.3 0.95 0.02461904217153682
0.3 1.0 0.030503275382124485
0.35 0.0 0.035819138636647055
0.35 0.05 0.0343002187985353
0.35 0.1 0.03505793987214251
0.35 0.15 0.05024284679258662
0.35 0.2 0.0370875929996836
0.35 0.25 0.04423494283720793
0.35 0.3 0.029413570868361223
0.35 0.35 0.028531867393453002
0.35 0.4 0.022686069345634694
0.35 0.45 0.029512593540753942
0.35 0.5 0.012186941963250425
0.35 0.55 0.007855021184191785
0.35 0.6 0.008236669315334594
0.35 0.65 0.008913301982172656
0.35 0.7 0.013137856269047026
0.35 0.75 0.007982421913245373
0.35 0.8 0.007653445381269146
0.35 0.85 0.0077834218112147425
0.35 0.9 0.010208176242580845
0.35 0.95 0.009410088230534974
0.35 1.0 0.004530268710985018
0.4 0.0 0.03411222066600089
0.4 0.05 0.03658861361291726
0.4 0.1 0.03965502180255777
0.4 0.15 0.04718595154689431
0.4 0.2 0.04070272194447278
0.4 0.25 0.02130027630658176
0.4 0.3 0.021705268994402702
0.4 0.35 0.014948481653593339
0.4 0.4 0.01062629972822809
0.4 0.45 0.012989638863896686
0.4 0.5 0.01081543895232296
0.4 0.55 0.009932626540891148
0.4 0.6 0.010346428059804432
0.4 0.65 0.00879745562965629
0.4 0.7 0.004381673690274762
0.4 0.75 0.004206646404871153
0.4 0.8 0.005141242441762652
0.4 0.85 0.0036234950257601644
0.4 0.9 0.0034759627702389607
0.4 0.95 0.006293112535414173
0.4 1.0 0.0049863738909349635
0.45 0.0 0.03739437348693547
0.45 0.05 0.04340629269946686
0.45 0.1 0.04585736231821325
0.45 0.15 0.03757086094080278
0.45 0.2 0.02437734925007651
0.45 0.25 0.015530333639424578
0.45 0.3 0.013701036072385878
0.45 0.35 0.011062273381710067
0.45 0.4 0.009580435721360199
0.45 0.45 0.00706564718710442
0.45 0.5 0.005389758002430182
0.45 0.55 0.005457648003347114
0.45 0.6 0.0039180895785732904
0.45 0.65 0.006623273032333589
0.45 0.7 0.006806569109109908
0.45 0.75 0.00311293240537199
0.45 0.8 0.004466104571889578
0.45 0.85 0.004772336774540952
0.45 0.9 0.004427432781029869
0.45 0.95 0.0050513196447690145
0.45 1.0 0.004180022034445552
0.5 0.0 0.03849630186159112
0.5 0.05 0.043072213410505426
0.5 0.1 0.04646469923188625
0.5 0.15 0.03237075829203163
0.5 0.2 0.03013839486591245
0.5 0.25 0.011308613118224406
0.5 0.3 0.013478735936036323
0.5 0.35 0.007903001445946118
0.5 0.4 0.006800632794633404
0.5 0.45 0.006777371511255589
0.5 0.5 0.005012668466111975
0.5 0.55 0.006461708813468746
0.5 0.6 0.002188754600386201
0.5 0.65 0.0034968956991606815
0.5 0.7 0.004354752504124748
0.5 0.75 0.00338367534131188
0.5 0.8 0.0031863621419789554
0.5 0.85 0.0038557830112158427
0.5 0.9 0.003430873988327015
0.5 0.95 0.0036795288874871203
0.5 1.0 0.0033874984927324938
0.55 0.0 0.04281687768409531
0.55 0.05 0.041682203114710006
0.55 0.1 0.039525718154919266
0.55 0.15 0.02761680183118813
0.55 0.2 0.020125441745276484
0.55 0.25 0.012008488929701024
0.55 0.3 0.009934487410581604
0.55 0.35 0.0077136082795098175
0.55 0.4 0.006849369936483451
0.55 0.45 0.004374188162617837
0.55 0.5 0.004903666189494261
0.55 0.55 0.004154045711682564
0.55 0.6 0.004479283190027086
0.55 0.65 0.0027492185398522353
0.55 0.7 0.004623691460055139
0.55 0.75 0.0039874372744899845
0.55 0.8 0.00454971343884762
0.55 0.85 0.004113696087494662
0.55 0.9 0.0038732506165629014
0.55 0.95 0.00520582129838312
0.55 1.0 0.0038033076402223245
0.6 0.0 0.04313429077016466
0.6 0.05 0.055204537158133726
0.6 0.1 0.0495682934847918
0.6 0.15 0.022773271331826557
0.6 0.2 0.014403925387947433
0.6 0.25 0.01023401652480325
0.6 0.3 0.010379433968292568
0.6 0.35 0.0055414242413936825
0.6 0.4 0.005391613925191705
0.6 0.45 0.007131932734136677
0.6 0.5 0.003684794893120933
0.6 0.55 0.0036624001467586353
0.6 0.6 0.0043627459164643
0.6 0.65 0.00353186059142604
0.6 0.7 0.004221758447654282
0.6 0.75 0.002886825607363793
0.6 0.8 0.0039956227925615475
0.6 0.85 0.0027044249246884703
0.6 0.9 0.003188476954011077
0.6 0.95 0.003806415135952917
0.6 1.0 0.004229208522321506
0.65 0.0 0.04252134156584723
0.65 0.05 0.0505531494930944
0.65 0.1 0.044803748123001266
0.65 0.15 0.02407023731859976
0.65 0.2 0.015640140616449156
0.65 0.25 0.011191351119603378
0.65 0.3 0.010156921114007273
0.65 0.35 0.008391143760840512
0.65 0.4 0.0035082431291796816
0.65 0.45 0.004894304126872672
0.65 0.5 0.00424964428490611
0.65 0.55 0.003596516125441783
0.65 0.6 0.0038743785163128956
0.65 0.65 0.0037349212974554513
0.65 0.7 0.004422834610774398
0.65 0.75 0.0029060196908374286
0.65 0.8 0.003864719637967364
0.65 0.85 0.0038091920119465677
0.65 0.9 0.0038258359536599146
0.65 0.95 0.004378703059572162
0.65 1.0 0.00358907429565525
0.7 0.0 0.046462735301180356
0.7 0.05 0.053099831701362156
0.7 0.1 0.040341405690410906
0.7 0.15 0.03114935911507687
0.7 0.2 0.020325639828547692
0.7 0.25 0.007982560427249832
0.7 0.3 0.008967886393781366
0.7 0.35 0.0048194488503031825
0.7 0.4 0.0057586183228057275
0.7 0.45 0.0049209161299765295
0.7 0.5 0.004325280351726564
0.7 0.55 0.004272469414067407
0.7 0.6 0.003270753448163489
0.7 0.65 0.004076848888847356
0.7 0.7 0.004098795113671157
0.7 0.75 0.002842938929134886
0.7 0.8 0.004018128020332355
0.7 0.85 0.003454697572603596
0.7 0.9 0.005546920279212616
0.7 0.95 0.00442877339871525
0.7 1.0 0.004880919386705177
0.75 0.0 0.04598610366495276
0.75 0.05 0.05743358119507492
0.75 0.1 0.04120264619462659
0.75 0.15 0.02792149966144464
0.75 0.2 0.018447503707620005
0.75 0.25 0.011828750519169907
0.75 0.3 0.006766194750278285
0.75 0.35 0.00452465229790018
0.75 0.4 0.00690470875472423
0.75 0.45 0.003536522247265516
0.75 0.5 0.0038847942747542575
0.75 0.55 0.0027939742285626556
0.75 0.6 0.004010325064748112
0.75 0.65 0.0029350326033520764
0.75 0.7 0.0038923927572842762
0.75 0.75 0.0027760416119152476
0.75 0.8 0.004121160178460331
0.75 0.85 0.003471682852399395
0.75 0.9 0.004900193445524672
0.75 0.95 0.003948112489036614
0.75 1.0 0.004212879535070423
0.8 0.0 0.0497500535401974
0.8 0.05 0.06037999091001846
0.8 0.1 0.03339384663902573
0.8 0.15 0.025893813762561807
0.8 0.2 0.015599617849755562
0.8 0.25 0.011874405724420964
0.8 0.3 0.008282123345484007
0.8 0.35 0.006465055410755149
0.8 0.4 0.005143809073285736
0.8 0.45 0.00487133058984858
0.8 0.5 0.0033006798935179232
0.8 0.55 0.003995696172004359
0.8 0.6 0.0027456551021901006
0.8 0.65 0.003807223958800067
0.8 0.7 0.0028018645798867435
0.8 0.75 0.0036718957764566925
0.8 0.8 0.004535884299581739
0.8 0.85 0.003995028336626487
0.8 0.9 0.003697745952536963
0.8 0.95 0.003968436945724593
0.8 1.0 0.005344634592017591
0.85 0.0 0.052917731956850414
0.85 0.05 0.05268468544232243
0.85 0.1 0.051457280693889176
0.85 0.15 0.0257894434602118
0.85 0.2 0.014419352385192647
0.85 0.25 0.011384048009943451
0.85 0.3 0.0089797079044707
0.85 0.35 0.0067438197916310115
0.85 0.4 0.005310721746595068
0.85 0.45 0.003933279123239576
0.85 0.5 0.003291931250057832
0.85 0.55 0.004684858584828261
0.85 0.6 0.003890480769329676
0.85 0.65 0.0037027464729945427
0.85 0.7 0.0030897626401753062
0.85 0.75 0.004489474687698965
0.85 0.8 0.0037204671961942105
0.85 0.85 0.004865737262432172
0.85 0.9 0.004255328306016709
0.85 0.95 0.004569856508149568
0.85 1.0 0.005149691796033747
0.9 0.0 0.04615732428869864
0.9 0.05 0.06049212624149875
0.9 0.1 0.04684104672889489
0.9 0.15 0.026418175840642977
0.9 0.2 0.012939934597479654
0.9 0.25 0.01184344537096272
0.9 0.3 0.008270276275663542
0.9 0.35 0.004748896577240749
0.9 0.4 0.005266831770412755
0.9 0.45 0.004263523717946608
0.9 0.5 0.004236305716073122
0.9 0.55 0.004629997145209575
0.9 0.6 0.0028075758091061177
0.9 0.65 0.0029234699819331066
0.9 0.7 0.004821801114913942
0.9 0.75 0.0037263936168128496
0.9 0.8 0.005005144187512648
0.9 0.85 0.0042973211350305135
0.9 0.9 0.0039987937738789675
0.9 0.95 0.00509295299696181
0.9 1.0 0.003943382400682554
0.95 0.0 0.047432382801590026
0.95 0.05 0.06330352520202535
0.95 0.1 0.0517087899709265
0.95 0.15 0.01992388160762817
0.95 0.2 0.016195122534394233
0.95 0.25 0.010204984649061695
0.95 0.3 0.008322011256324023
0.95 0.35 0.00546695235180057
0.95 0.4 0.004806924051246276
0.95 0.45 0.0045101075029447485
0.95 0.5 0.003894808507480687
0.95 0.55 0.004112615183566819
0.95 0.6 0.0023252230498022543
0.95 0.65 0.003458934617061356
0.95 0.7 0.0030544127119582786
0.95 0.75 0.0037527459061582284
0.95 0.8 0.0043779577223104285
0.95 0.85 0.005251865662028543
0.95 0.9 0.004031955510620593
0.95 0.95 0.004085463965232625
0.95 1.0 0.004455894110990557
1.0 0.0 0.054094324326831214
1.0 0.05 0.0630855923792563
1.0 0.1 0.04297746570902374
1.0 0.15 0.026689870235875757
1.0 0.2 0.01735484587740473
1.0 0.25 0.010903716895513877
1.0 0.3 0.009682896509220015
1.0 0.35 0.007511763693459539
1.0 0.4 0.005505722256747046
1.0 0.45 0.00489139533277902
1.0 0.5 0.0038763325531614213
1.0 0.55 0.002479040378275224
1.0 0.6 0.004285952268321669
1.0 0.65 0.0033450942441454216
1.0 0.7 0.0029232119171503893
1.0 0.75 0.0038018235616037862
1.0 0.8 0.0037407471305248565
1.0 0.85 0.004437418156671291
1.0 0.9 0.002937585218577185
1.0 0.95 0.0034977210117701552
1.0 1.0 0.004080039657878153
0.25 0.65 0.06873251729621488
