0.25 0.5 0.000763481855083166
0.255172413793 0.5 0.0008062450748957074
0.260344827586 0.5 0.0009724704123984285
0.265517241379 0.5 0.0008910102714746197
0.270689655172 0.5 0.0011617162511664621
0.275862068966 0.5 0.0010612439596081897
0.281034482759 0.5 0.0013084840905277957
0.286206896552 0.5 0.0013004775212316086
0.291379310345 0.5 0.0016743690529259887
0.296551724138 0.5 0.0016295994792689687
0.301724137931 0.5 0.0023167027171600314
0.306896551724 0.5 0.00213859904106467
0.312068965517 0.5 0.0026041882804807887
0.31724137931 0.5 0.0007842586118439565
0.322413793103 0.5 0.0011606427875950663
0.327586206897 0.5 0.0011218024687205562
0.33275862069 0.5 0.001211680663359771
0.337931034483 0.5 0.0008060129865266403
0.343103448276 0.5 0.0008390163488364749
0.348275862069 0.5 0.0006032790358737961
0.353448275862 0.5 0.0006872247781473256
0.358620689655 0.5 0.0006917142033591649
0.363793103448 0.5 0.0004841208057389273
0.368965517241 0.5 0.0006046426554430146
0.374137931034 0.5 0.0006091996527685377
0.379310344828 0.5 0.0005322629373555222
0.384482758621 0.5 0.0004872277917791958
0.389655172414 0.5 0.0006458007149886246
0.394827586207 0.5 0.0006612549585720955
0.4 0.5 0.0006537478686159909
